County	All Total	All Added	All Deleted	Democrats Total	Democrats Added	Democrats Deleted	Democrats Changed Out	Democrats Changed In	Republicans Total	Republicans Added	Republicans Deleted	Republicans Changed Out	Republicans Changed In	No Party Total	No Party Added	No Party Deleted	No Party Changed Out	No Party Changed In	Third Party Total	Third Party Added	Third Party Deleted	Third Party Changed Out	Third Party Changed In	D to R Total	R to D Total	Blacks Total	Blacks Added	Blacks Deleted	Whites Total	Whites Added	Whites Deleted	Other Races Total	Other Races Added	Other Races Deleted	Men Total	Men Added	Men Deleted	Women Total	Women Added	Women Deleted	Black Women Total	Black Women Added	Black Women Deleted	Black Democrats Total	Black Democrats Added	Black Democrats Deleted	Black Republicans Total	Black Republicans Added	Black Republicans Deleted	Hispanic Democrats Total	Hispanic Democrats Added	Hispanic Democrats Deleted	Hispanic Republicans Total	Hispanic Republicans Added	Hispanic Republicans Deleted	Under 30 Total	Under 30 Added	Under 30 Deleted	30 to 39 Total	30 to 39 Added	30 to 39 Deleted	40 to 49 Total	40 to 49 Added	40 to 49 Deleted	50 to 59 Total	50 to 59 Added	50 to 59 Deleted	60 to 69 Total	60 to 69 Added	60 to 69 Deleted	70 and over Total	70 and over Added	70 and over Deleted	Under 30 Republicans Total	Under 30 Republicans Added	Under 30 Republicans Deleted	Under 30 Democrats Total	Under 30 Democrats Added	Under 30 Democrats Deleted
Alachua	178902	779	550	82923	311	231	62	110	49946	230	166	37	82	41323	213	138	99	24	4710	25	15	22	4	51	26	29971	109	61	122318	528	388	26613	142	101	78443	377	234	94961	393	298	18141	50	43	24651	69	44	917	4	4	4530	36	23	2369	21	6	51589	388	209	33267	136	95	23048	78	42	25345	83	63	24559	65	69	20386	29	71	12493	112	50	21369	158	79
Baker	14601	60	45	6531	14	23	30	0	6503	29	16	0	37	1358	16	6	7	1	209	1	0	1	0	29	0	1309	4	7	12752	54	38	540	2	0	6766	21	23	7774	39	22	794	4	5	1204	4	7	35	0	0	34	0	0	54	0	0	2381	29	9	2405	5	7	2593	6	7	2869	7	5	2379	10	8	1883	1	9	1198	15	5	708	8	1
Bay	125418	656	294	35770	115	95	58	37	61187	320	144	28	101	25345	207	50	63	21	3116	14	5	14	4	48	15	11462	46	21	105018	549	253	8938	61	20	58351	323	146	65479	329	146	6550	25	10	8878	28	16	664	2	2	772	7	1	980	10	2	21937	239	46	20526	120	33	20167	83	37	24143	109	48	20219	62	38	18240	42	92	9250	105	20	5200	48	13
Bradford	16065	61	50	7006	6	19	17	2	6659	29	23	2	20	2118	25	6	3	1	282	1	2	1	0	17	1	2145	6	4	13340	52	44	580	3	2	7427	28	26	8517	33	23	1238	3	1	1864	3	4	98	1	0	65	0	0	51	0	0	2721	23	10	2411	8	7	2354	12	5	2889	5	4	2822	3	8	2838	8	16	1274	12	4	809	2	4
Brevard	421432	2247	683	136378	520	219	196	128	172022	841	305	77	399	97299	799	128	269	65	15733	87	31	72	22	160	42	35408	147	30	343872	1796	601	42152	304	52	196451	1087	357	220694	1120	317	20012	78	12	27632	85	22	1629	5	1	8730	51	10	5659	43	12	65165	697	108	53546	279	58	57255	263	50	84618	406	78	74598	363	108	83876	233	277	20195	232	38	18878	163	37
Broward	1228907	3843	2185	617273	1464	1083	266	201	264144	718	523	87	375	326758	1546	532	365	151	20732	115	47	43	34	168	30	282776	771	390	605703	1729	1372	340428	1343	423	549286	1868	1093	645777	1848	1045	163486	375	205	227715	502	320	8654	25	10	97034	346	120	48299	165	75	201933	1236	316	198380	713	278	210503	579	242	241527	583	298	183564	392	372	189716	333	671	28898	181	51	96234	459	153
Calhoun	8602	14	22	5693	3	16	6	1	1989	9	5	0	7	823	2	1	2	0	97	0	0	0	0	6	0	792	0	1	7471	13	20	339	1	1	3979	9	10	4514	4	12	455	0	1	733	0	1	16	0	0	41	0	0	23	0	0	1569	9	5	1215	0	3	1209	0	3	1442	3	0	1330	2	2	1375	0	9	398	5	1	874	2	3
Charlotte	131636	1184	391	38261	286	121	66	51	54979	480	156	19	177	32552	363	99	130	14	5844	55	15	31	4	61	13	5371	32	9	117256	1075	351	9009	77	31	61101	555	194	69018	602	195	3003	21	4	4022	25	8	266	1	0	1650	19	4	977	4	5	14058	254	41	10099	75	31	12899	90	29	21798	215	54	30848	360	71	41246	188	163	4038	83	11	3784	64	10
Citrus	107441	703	300	32912	191	93	132	49	46185	295	126	25	250	24556	188	66	139	23	3788	29	15	31	5	113	19	2509	15	8	98301	640	279	6631	48	13	50123	362	157	56502	330	140	1347	4	2	1940	12	4	149	0	2	1177	10	4	762	9	2	12617	126	35	9432	67	19	11184	61	26	17648	134	28	23468	202	51	32552	108	141	4364	46	13	3194	35	7
Clay	148149	843	417	33419	180	117	47	36	77822	355	183	24	111	32659	278	108	87	23	4249	30	9	19	7	42	5	14644	104	37	117475	621	341	16030	118	39	69745	382	181	76609	441	229	7982	54	26	10324	68	30	1008	3	0	2207	13	8	2432	16	5	28332	320	79	23340	126	59	26228	110	56	28111	116	61	22714	115	66	18533	55	93	12540	126	25	5539	64	18
Collier	217226	1851	968	52051	369	232	81	106	105695	873	492	47	352	53969	550	225	359	48	5511	59	19	40	21	63	19	8390	49	19	179327	1525	870	29509	277	79	101094	933	460	114569	902	505	4362	26	8	6099	26	10	434	5	3	8447	56	17	5869	38	16	27832	353	117	20581	148	81	24621	168	90	35304	338	116	43696	496	151	64381	347	408	9215	123	52	7015	86	27
Columbia	39452	194	109	16104	47	42	36	15	16122	87	44	6	51	6213	57	20	21	5	1013	3	3	10	2	32	5	5656	18	8	31667	160	96	2129	16	5	18179	104	58	21093	90	51	3311	11	4	4914	12	7	188	1	0	328	1	1	354	5	1	6887	72	18	5591	26	13	5651	26	10	7181	28	16	7232	25	16	6846	15	36	2806	30	8	2216	18	5
Miami-Dade	1395483	4004	2616	592904	1386	1173	1730	1151	376919	809	794	1114	1759	404863	1726	606	1867	2131	20797	83	43	488	158	705	317	259767	567	476	270694	924	758	865022	2513	1382	609813	1848	1180	746209	1977	1374	148339	282	274	215202	393	396	7518	19	20	236205	653	360	273028	490	528	260014	1681	420	229153	595	343	225106	551	286	240772	491	307	193980	403	304	244280	278	951	39278	278	74	114977	635	198
Desoto	15975	105	46	7598	27	25	14	5	4799	42	14	1	16	3320	35	4	6	0	258	1	3	0	0	14	1	1670	5	3	12469	87	41	1836	13	2	7233	50	21	8694	54	25	996	4	2	1430	3	3	43	2	0	658	6	0	190	1	1	2514	17	5	2043	11	4	1968	8	4	2665	18	3	2909	33	10	3862	18	20	576	6	2	1005	3	2
Dixie	9984	37	33	5403	4	16	24	0	3019	19	13	1	27	1302	14	4	2	0	260	0	0	1	1	24	0	442	2	1	9231	33	30	311	2	2	4706	21	12	5165	13	20	262	1	1	400	1	1	16	0	0	35	0	0	34	0	0	1274	9	3	1274	4	1	1267	3	2	1942	7	10	2090	11	6	2129	3	11	386	2	1	566	2	1
Duval	609502	2416	1558	250577	727	569	183	172	217108	795	593	89	282	122194	810	333	221	86	19623	84	63	70	23	132	47	171623	514	315	367044	1560	1093	70835	342	150	271611	1135	749	326606	1225	787	100779	272	159	140366	324	250	6025	25	8	9774	55	22	6914	42	12	123858	1037	305	111814	423	296	100660	321	229	111365	315	205	88802	199	196	70230	119	322	35694	316	109	46287	320	89
Escambia	216375	1115	444	75347	240	138	88	61	93586	462	201	37	151	41496	372	93	104	21	5946	41	12	18	14	79	20	42757	138	52	155994	831	362	17624	146	30	100334	536	222	114392	537	222	25130	77	23	34676	92	40	1794	7	3	1268	10	0	1479	17	1	42157	532	82	35681	174	54	32399	117	59	38416	138	52	34398	115	58	32461	39	139	15703	213	39	12511	121	13
Flagler	81339	593	256	26597	154	96	42	18	29419	240	91	7	107	23136	196	58	74	11	2187	3	11	14	1	35	4	7663	41	33	64274	467	198	9402	85	25	37564	290	129	43036	282	124	4257	17	15	5864	21	28	322	3	1	1941	20	9	949	10	1	10805	141	35	9178	63	25	10288	58	29	13234	108	35	17028	138	39	20305	82	92	2650	37	5	3069	41	11
Franklin	7635	33	26	4595	11	10	14	0	2050	14	12	0	14	836	8	4	1	2	154	0	0	2	1	12	0	550	0	0	6966	32	24	119	1	2	3622	16	13	4012	17	13	314	0	0	510	0	0	11	0	0	28	0	1	14	0	0	840	10	1	825	0	2	926	1	2	1439	5	3	1807	12	9	1789	5	9	198	5	1	454	3	0
Gadsden	29967	77	99	22905	30	68	19	6	4298	26	20	2	23	2416	19	10	6	2	348	2	1	4	0	19	0	17004	23	45	11317	45	52	1646	9	2	12608	41	44	16907	34	53	10167	12	25	15943	17	41	254	0	1	411	4	0	92	1	0	5196	30	19	4608	9	8	4499	14	16	5576	7	11	5379	10	16	4677	7	29	599	9	3	3840	17	14
Gilchrist	11250	84	44	3864	20	18	13	5	5571	49	18	3	18	1492	13	7	7	1	323	2	1	1	0	12	3	254	1	1	10612	78	40	384	5	3	5332	38	21	5870	44	23	145	0	0	212	0	1	15	0	0	55	1	0	69	1	2	1818	25	6	1472	6	7	1668	11	1	2217	17	9	2077	14	8	1947	11	13	940	12	4	388	4	2
Glades	7139	48	25	3546	11	11	14	1	2248	20	11	0	13	1139	14	2	1	1	206	3	1	0	0	13	0	448	2	1	5838	40	23	853	6	1	3460	21	14	3663	27	11	260	0	1	407	2	1	11	0	0	281	2	1	112	0	0	845	9	4	824	4	1	850	4	5	1169	9	4	1389	10	2	2057	12	9	227	3	2	342	3	0
Gulf	9929	51	32	4777	18	19	10	1	3903	24	9	3	12	1051	7	4	2	1	198	2	0	0	1	10	1	975	2	4	8694	46	28	260	3	0	4677	29	19	5189	22	13	532	0	2	878	2	3	35	0	0	34	1	0	31	0	0	1516	12	4	1135	3	6	1350	7	1	1887	15	4	2033	12	7	1988	2	10	591	4	1	573	6	1
Hamilton	8163	20	31	5056	7	13	16	0	2097	7	9	0	23	844	2	8	5	0	166	4	1	2	0	16	0	2411	2	7	5478	17	22	274	1	2	3772	11	14	4367	9	17	1388	1	3	2160	2	4	88	0	1	70	0	0	48	0	1	1346	8	5	1183	2	1	1293	3	4	1475	3	8	1506	2	4	1350	2	9	395	1	2	715	4	1
Hardee	12806	59	22	5694	11	11	15	1	4981	21	8	2	16	1859	25	2	2	2	272	2	1	2	2	13	1	848	3	1	9061	31	15	2897	25	6	5713	23	11	6939	30	11	480	0	1	707	3	1	46	0	0	1201	2	2	580	5	0	2158	28	4	2127	8	6	1962	8	6	2062	6	1	2015	3	3	2460	6	2	834	12	3	725	3	0
Hendry	18819	95	48	9026	25	21	17	5	6197	40	16	3	20	3236	29	9	6	1	360	1	2	0	0	17	2	2688	8	13	10526	57	30	5605	30	5	8491	49	25	10153	43	23	1578	3	4	2360	5	11	88	1	1	2129	7	4	1313	7	0	3796	40	8	3036	9	6	2871	6	2	3272	12	11	2911	19	7	2908	9	14	1072	13	6	1509	7	1
Hernando	135122	773	416	46262	203	137	81	33	52316	320	167	16	162	31286	235	95	97	24	5258	15	17	31	6	67	7	5734	30	10	113842	623	373	15546	120	33	61619	371	195	71793	377	217	3178	11	3	4523	20	9	285	2	0	5041	35	7	2197	20	6	19258	209	65	15052	80	37	17911	81	43	22942	169	57	25096	150	59	34077	83	152	5704	72	25	5720	59	22
Highlands	66280	376	188	23040	94	72	31	7	28242	147	76	6	56	12917	128	33	26	5	2081	7	7	7	2	27	3	5456	22	8	51621	279	163	9203	75	17	30068	172	100	35800	199	87	3147	14	5	4408	11	6	262	0	0	3017	12	6	1612	17	2	8621	83	19	6839	25	9	7031	33	12	9828	63	22	12482	99	25	21372	71	100	2819	25	7	2782	25	3
Hillsborough	846094	5018	2094	330470	1417	757	364	438	263754	1368	703	165	566	226249	2106	564	613	180	25621	127	70	90	48	257	87	131956	637	234	515301	2806	1524	198837	1575	336	380632	2326	984	444053	2395	1069	75391	323	135	101983	372	178	4894	27	11	57685	345	100	24917	155	43	170853	2459	398	150345	762	324	147015	582	263	151052	531	315	118835	425	259	105888	256	533	39432	620	112	61685	732	126
Holmes	11483	32	31	5551	4	11	20	3	4491	21	16	1	23	1290	6	4	5	1	151	1	0	1	0	20	0	234	1	0	10924	30	31	325	1	0	5317	13	15	6111	18	16	122	1	0	168	1	0	24	0	0	35	0	0	25	0	0	1855	8	1	1571	7	5	1778	4	1	2101	5	6	1975	5	7	2110	3	10	872	5	1	550	1	0
Indian River	106438	2580	268	29323	807	73	51	35	47788	922	130	17	128	25722	736	55	85	14	3605	115	10	28	4	46	7	6962	169	19	90613	2184	236	8863	227	13	47853	1217	135	56840	1313	129	4103	92	9	5470	119	13	334	14	1	1724	44	3	1021	26	1	14017	396	33	10711	446	17	11886	341	16	17686	370	32	21654	405	29	30192	622	141	4372	101	10	3867	137	14
Jackson	30119	95	71	17135	37	37	49	5	9532	45	26	1	64	3066	11	7	17	2	386	2	1	4	0	47	1	6815	16	13	22042	76	56	1262	3	2	13517	41	31	16132	51	38	3920	9	9	6115	15	6	218	0	3	117	0	0	125	0	1	5434	22	16	4251	11	8	4425	19	6	5246	13	10	5162	20	4	5459	10	27	2041	8	7	2318	11	5
Jefferson	9586	32	25	5997	16	9	4	0	2518	10	9	0	5	873	5	7	1	0	198	1	0	0	0	4	0	3072	8	5	6289	24	20	225	0	0	4325	24	12	5231	8	13	1804	1	4	2929	6	5	29	0	0	33	0	0	31	0	0	1365	14	2	1255	5	5	1326	4	3	1852	6	2	1968	2	3	1719	1	10	313	6	0	803	7	1
Lafayette	4432	7	14	2803	1	10	7	3	1326	5	3	2	5	249	1	1	1	0	54	0	0	0	2	5	2	247	0	0	4050	6	14	135	1	0	2128	3	3	2300	4	11	150	0	0	223	0	0	14	0	0	48	0	0	40	1	0	696	2	1	672	4	3	740	0	0	785	0	3	736	0	0	773	1	7	288	2	0	329	0	1
Lake	226692	1205	702	72769	327	242	90	62	96728	498	301	38	169	48600	356	138	107	45	8595	24	21	48	7	70	20	18514	98	40	180120	917	586	28058	190	76	104142	550	339	122542	653	363	10718	66	19	14634	72	29	1029	4	4	7981	42	30	3750	28	9	30356	252	107	27323	143	73	31699	132	71	37776	190	106	41430	272	92	56662	211	251	9998	90	30	9282	73	39
Lee	458781	3456	919	128112	728	295	181	156	188246	1276	387	87	460	128766	1355	214	378	75	13657	97	23	60	15	148	46	26074	169	47	371541	2707	781	61166	580	91	211147	1656	467	240002	1650	437	14791	94	24	19020	83	36	1290	6	1	16602	139	26	8411	67	13	62560	998	96	54069	323	58	58112	319	63	76885	563	93	92780	827	180	113148	424	426	17427	304	28	17247	238	27
Leon	205475	734	557	107228	292	251	81	98	55688	223	170	34	95	37196	194	119	95	29	5363	25	17	21	9	59	24	57515	166	118	127160	485	376	20800	83	63	89601	355	247	110366	347	299	34177	90	62	48542	112	94	1345	8	4	3146	19	7	1767	6	6	63677	385	238	37348	97	64	27388	81	56	29057	77	54	26924	65	55	20215	24	89	13882	102	70	31498	172	95
Levy	27049	139	108	10231	24	43	27	4	11467	74	40	1	39	3879	38	21	7	2	1472	3	4	11	1	26	0	2229	5	11	23233	120	97	1587	14	0	12524	58	47	14436	79	61	1277	3	4	1893	3	9	118	0	0	355	2	0	234	3	0	4131	39	16	3219	14	10	3525	19	15	5121	23	19	5470	28	16	5530	14	32	1667	18	7	1210	8	5
Liberty	4612	16	14	3605	10	13	7	2	619	1	0	1	7	356	5	1	2	1	32	0	0	0	0	7	0	407	1	3	4066	15	11	139	0	0	2163	5	7	2437	11	7	212	0	2	375	1	3	10	0	0	26	0	0	12	0	0	911	8	4	747	3	3	731	1	1	856	2	3	691	0	0	659	2	3	156	1	0	614	4	3
Madison	12202	38	25	7950	16	11	6	1	2907	18	11	0	7	1093	4	2	2	0	252	0	1	1	1	5	0	4253	6	5	7351	28	17	598	4	3	5381	19	10	6564	19	15	2494	3	3	3936	6	4	91	0	0	54	1	0	39	1	1	2000	12	1	1802	2	1	1833	3	3	2147	13	7	2224	5	3	2167	3	10	442	5	1	1181	5	0
Manatee	235502	1860	636	73700	498	219	117	71	98423	756	261	36	237	56710	574	135	183	48	6669	32	21	22	2	89	17	15694	95	34	196972	1488	557	22836	277	45	106258	824	292	126252	916	334	9296	46	19	12558	65	26	656	9	3	5384	45	15	2647	20	5	29153	613	91	28267	165	62	32104	167	68	42274	300	69	46884	387	99	55990	225	241	9150	203	30	8811	165	22
Monroe	59550	471	228	18826	122	74	22	42	21236	183	84	9	47	17666	161	62	56	6	1822	5	8	10	2	18	8	2094	19	7	49650	398	187	7806	54	34	30510	255	120	28349	212	108	1024	8	3	1472	13	5	104	1	1	1828	12	11	1991	13	4	6909	109	30	7697	68	27	8748	60	21	12688	110	41	12933	89	52	10097	32	55	1657	42	4	1885	32	6
Marion	241669	1322	659	84818	372	222	138	82	101672	581	301	46	266	44545	346	109	148	41	10634	23	27	60	3	117	27	24128	98	42	191653	1035	564	25888	189	53	109207	650	310	130996	651	345	14238	51	28	20197	69	35	1084	7	3	8405	69	16	4041	29	7	33013	356	79	26862	128	76	29361	139	57	38590	192	68	46090	309	95	67089	198	283	11132	118	30	11456	125	27
Martin	114605	715	350	29268	171	104	34	43	55448	333	166	27	89	23836	170	60	73	11	6053	41	20	18	9	27	19	4111	17	13	102497	631	322	7997	67	15	53240	352	172	60431	356	174	2355	10	8	3041	12	10	392	2	1	1746	12	3	1322	10	2	15083	139	56	11252	99	30	13790	63	29	21300	126	49	22020	169	49	30539	115	136	5329	59	22	3782	33	16
Nassau	60404	426	253	14822	71	69	29	20	32539	193	134	11	56	10878	143	44	36	8	2165	19	6	13	5	26	4	3309	15	13	54013	392	232	3082	19	8	28427	209	126	31111	206	124	1842	6	5	2725	8	9	147	2	2	245	3	0	347	1	0	9829	120	32	8432	71	37	9260	47	31	11221	74	42	11459	76	38	9849	36	71	4996	62	18	1663	20	3
Okaloosa	148360	1030	493	29934	144	104	53	41	82768	492	277	22	107	32709	369	97	77	18	2949	25	15	18	4	46	11	12103	73	32	122102	827	411	14155	130	50	70977	491	240	75715	496	250	6231	32	17	8247	33	16	1148	6	4	1366	8	5	1920	15	7	28520	487	83	27839	187	103	23058	101	83	27152	115	77	21182	89	54	20034	49	92	13346	180	43	4970	81	14
Okeechobee	20431	109	83	8550	26	49	20	1	7636	48	25	0	28	3562	29	6	7	1	683	6	3	4	1	19	0	1014	4	1	16751	86	75	2666	19	7	9168	48	42	10854	57	40	598	0	0	856	1	1	43	1	0	831	9	2	403	2	3	3299	42	12	2640	9	11	2799	9	6	3558	16	14	3546	15	18	4300	18	22	1024	18	3	927	13	5
Orange	794592	4637	5222	330993	1767	1868	232	359	216910	1026	1732	117	364	227920	1716	1453	466	149	18769	128	169	80	23	138	69	140671	725	578	391208	2060	3477	262713	1852	1167	357255	2139	2322	409666	2230	2768	79784	387	327	109956	454	453	4973	34	17	83479	581	369	26549	160	117	176468	2123	1181	155277	856	1242	140452	607	776	137080	527	763	100117	326	599	81290	195	651	34574	386	295	71162	843	429
Osceola	199821	1507	654	82942	537	228	94	56	47310	277	208	12	129	65040	664	197	96	35	4529	29	21	22	4	65	7	17261	134	49	80086	499	373	102474	874	232	91730	733	310	103617	723	335	9315	68	23	12759	80	34	706	2	4	41810	307	80	10707	77	35	40677	564	125	34375	247	110	36458	229	92	35549	224	94	28057	155	97	23654	86	130	6705	82	29	15359	196	42
Palm Beach	936098	4677	1966	398569	1551	863	408	326	258630	1381	578	102	715	243992	1545	441	601	165	34907	200	84	159	64	283	54	126502	478	217	651802	3262	1485	157794	937	264	416540	2157	1021	496740	2271	907	71613	250	96	99517	301	167	4386	23	5	40764	237	67	18522	100	41	135415	1676	252	126038	535	186	136836	451	170	164613	614	207	151006	767	297	220403	633	851	26513	405	39	55543	619	112
Pasco	342191	2181	985	112134	570	324	166	121	128198	746	397	56	320	84683	778	212	211	53	17176	87	52	75	14	145	30	15105	114	31	283263	1692	851	43823	375	103	157675	1042	510	180109	1093	464	7934	46	12	10949	71	20	803	9	5	11649	91	26	5913	55	18	50878	669	134	48242	257	93	55104	301	104	61100	333	133	57631	381	152	67294	238	366	14623	191	41	14613	192	42
Pinellas	680456	3399	1612	242958	957	590	283	345	234210	1066	602	144	534	175999	1245	353	511	136	27289	131	67	117	40	211	94	59310	220	97	552295	2652	1369	68851	527	146	307705	1659	777	361588	1597	806	34638	90	48	47057	130	78	2155	13	8	12717	90	23	5989	38	11	104000	1081	207	92144	489	164	97540	437	137	131144	544	210	122403	552	251	131130	291	641	26462	292	64	34754	313	67
Polk	401266	2211	876	149967	600	320	139	86	141661	626	311	41	241	97170	919	216	174	57	12468	66	29	41	11	106	23	52123	247	85	278757	1345	643	70386	619	148	177914	1053	415	213273	1078	442	30116	119	44	42001	161	61	1918	15	6	20343	161	34	7866	58	31	67753	776	153	58102	317	127	58773	243	88	66374	302	103	66892	358	138	80710	215	263	18315	200	43	21308	202	43
Putnam	47004	243	143	21585	57	70	51	7	15893	98	44	7	72	8467	79	23	24	9	1059	9	6	8	2	46	2	6847	19	18	36993	212	116	3164	12	9	21454	115	71	24873	119	70	4080	12	10	5879	14	17	220	0	0	824	4	3	322	1	2	7410	79	29	5644	31	13	6093	20	11	8889	42	22	9339	56	23	9424	15	45	2199	27	10	2774	21	12
Santa Rosa	133873	829	373	28352	128	87	63	50	75655	435	218	21	112	25190	222	58	88	10	4676	44	10	10	10	57	13	5637	34	14	119579	717	346	8657	78	13	64775	410	180	68346	401	191	2786	15	8	4025	20	12	464	2	1	700	8	1	1182	9	1	23933	357	83	24338	155	48	23843	117	34	25392	93	65	19288	70	57	16623	36	86	12470	186	48	3952	56	16
Sarasota	305034	2306	807	92864	636	281	147	137	127605	868	319	63	326	74282	703	185	257	45	10283	99	22	54	13	125	37	10384	72	28	270758	1989	726	23892	245	53	137357	1006	373	161087	1150	415	5907	30	19	7972	38	22	564	1	2	4236	35	11	2264	14	2	33872	520	106	30100	178	66	34600	196	62	50013	362	95	62903	645	108	92156	397	363	10101	129	26	9850	168	40
Seminole	288707	3080	706	95916	1125	248	115	167	110778	871	247	57	225	74087	1013	184	230	53	7926	71	27	56	13	93	33	29014	343	63	197335	1815	517	62358	922	126	127565	1289	307	152249	1567	380	16911	199	36	22363	265	53	1321	12	1	15970	236	31	7426	76	9	50684	1113	161	49221	781	137	50113	435	92	55971	350	109	44203	242	100	37392	154	101	14511	251	45	16520	431	55
St. Johns	177617	1242	515	42022	276	153	51	65	91264	556	254	32	111	38382	348	93	100	29	5949	62	15	29	7	41	14	8041	56	27	156739	1080	459	12837	106	29	83574	613	245	92302	612	265	4342	20	12	6144	38	19	476	5	3	1719	23	3	1870	13	1	28600	376	97	26331	217	67	30924	175	54	33134	167	71	30423	200	79	26802	104	144	13047	156	44	5689	88	24
St. Lucie	195824	1201	505	80037	349	195	95	65	59953	421	167	24	179	48737	387	116	135	26	7097	44	27	24	8	76	11	32711	161	47	134241	865	400	28872	175	58	89498	587	259	104693	597	245	18650	88	22	26360	107	41	1088	9	2	8728	47	18	3470	23	5	30353	310	65	25210	110	53	27334	145	50	34800	203	70	34984	269	89	42257	164	173	5813	75	10	12059	99	25
Sumter	90210	816	275	23966	190	70	55	10	45805	428	142	16	143	17187	174	55	85	28	3252	24	8	29	4	43	1	3243	12	8	83469	767	260	3498	37	7	41421	387	153	48339	424	122	1896	7	4	2720	11	8	147	0	0	570	9	3	518	3	1	5043	63	18	3807	29	14	4647	36	14	8296	132	27	27361	347	45	40854	208	157	1974	29	9	1399	12	5
Suwannee	26151	126	74	11970	30	30	33	4	9953	56	34	3	40	3108	35	7	12	4	1120	5	3	1	1	31	0	2540	7	6	22362	106	65	1249	13	3	11999	50	39	13961	72	35	1477	2	4	2254	6	6	122	0	0	239	3	0	166	1	0	3906	36	12	3448	23	9	3615	11	6	4811	32	5	4909	12	14	5417	12	28	1512	13	8	1403	11	3
Taylor	12727	39	44	7664	5	20	34	3	3749	30	20	1	45	1037	3	3	10	1	277	1	1	4	0	34	0	1734	1	1	10531	37	41	462	1	2	5866	23	30	6809	16	14	1039	0	1	1592	1	1	41	0	0	65	0	0	46	0	1	1968	15	5	1768	2	6	1791	5	2	2323	6	5	2392	10	9	2282	1	17	622	10	4	946	3	1
Union	7210	21	25	3930	4	12	4	1	2507	11	11	1	7	645	5	1	2	0	128	1	1	1	0	4	1	754	2	0	6258	18	24	198	1	1	3369	11	13	3815	10	12	433	0	0	688	1	0	23	0	0	46	0	0	34	0	0	1347	7	2	1255	2	6	1212	5	5	1391	1	3	1110	1	3	876	5	6	618	4	1	503	0	0
Volusia	363790	2158	721	131888	562	254	198	160	121366	694	286	53	331	97823	826	158	262	66	12713	76	23	60	16	152	33	32958	177	63	285720	1657	592	45112	324	66	164891	1018	343	191564	1031	364	19034	77	32	26004	112	53	1101	8	1	12203	67	13	4482	29	7	56741	732	128	45522	231	64	48059	234	67	65646	343	90	68049	384	105	77455	228	263	12645	173	35	19605	204	48
Wakulla	19846	123	42	9481	35	21	50	6	6878	55	14	4	59	2847	31	6	13	4	640	2	1	2	0	49	1	1816	11	5	17432	101	37	598	11	0	9185	63	26	10504	58	16	1032	8	1	1629	9	3	52	0	0	78	0	0	85	3	0	3071	48	8	3078	22	9	3343	16	6	3916	20	3	3518	8	6	2723	8	10	1117	22	4	1032	18	2
Walton	44893	354	142	10253	47	27	24	6	24897	207	82	4	55	8800	96	30	31	2	943	4	3	7	3	24	1	1517	6	3	41271	332	135	2105	16	4	21083	155	71	23515	195	70	840	3	2	1117	4	3	187	0	0	184	3	1	238	2	1	5988	86	17	6475	51	18	6922	46	26	8846	86	22	8821	62	22	7774	20	37	2907	32	7	956	17	4
Washington	15443	61	45	6367	17	21	145	6	6924	31	19	17	151	1911	13	4	21	32	241	0	1	6	0	128	3	1687	5	5	13170	53	38	586	3	2	7118	26	21	8250	35	24	956	2	4	1454	2	4	84	1	1	48	0	1	52	0	0	2864	24	5	2063	8	6	2302	11	6	2840	4	2	2605	11	10	2622	3	16	1319	14	2	847	4	2
Florida	13179836	72817	35160	5016462	21000	12963	6995	5289	4514938	24231	12964	2909	11218	3262912	25288	8092	9193	4050	385524	2298	1141	2118	658	4872	1281	1791309	7082	3547	8597758	49406	25956	2790769	16329	5657	5956059	34332	16793	6960324	35742	17781	1029159	3603	1895	1436846	4546	2802	64672	327	151	751146	3999	1502	507235	1961	1063	2237669	24733	6062	1955777	10204	4845	1989300	8513	3893	2342611	10521	4622	2163305	11369	4970	2441322	7363	10655	559906	6699	1742	815635	7714	2096
