County	All Total	All Added	All Deleted	Democrats Total	Democrats Added	Democrats Deleted	Democrats Changed Out	Democrats Changed In	Republicans Total	Republicans Added	Republicans Deleted	Republicans Changed Out	Republicans Changed In	No Party Total	No Party Added	No Party Deleted	No Party Changed Out	No Party Changed In	Third Party Total	Third Party Added	Third Party Deleted	Third Party Changed Out	Third Party Changed In	D to R Total	R to D Total	American Indians or Alaskan Natives Total	American Indians or Alaskan Natives Added	American Indians or Alaskan Natives Deleted	Asians Or Pacific Islanders Total	Asians Or Pacific Islanders Added	Asians Or Pacific Islanders Deleted	Blacks Total	Blacks Added	Blacks Deleted	Hispanics Total	Hispanics Added	Hispanics Deleted	Whites Total	Whites Added	Whites Deleted	Other Races Total	Other Races Added	Other Races Deleted	Men Total	Men Added	Men Deleted	Women Total	Women Added	Women Deleted	Black Women Total	Black Women Added	Black Women Deleted	Black Democrats Total	Black Democrats Added	Black Democrats Deleted	Black Republicans Total	Black Republicans Added	Black Republicans Deleted	Hispanic Democrats Total	Hispanic Democrats Added	Hispanic Democrats Deleted	Hispanic Republicans Total	Hispanic Republicans Added	Hispanic Republicans Deleted	Under 30 Total	Under 30 Added	Under 30 Deleted	30 to 39 Total	30 to 39 Added	30 to 39 Deleted	40 to 49 Total	40 to 49 Added	40 to 49 Deleted	50 to 59 Total	50 to 59 Added	50 to 59 Deleted	60 to 69 Total	60 to 69 Added	60 to 69 Deleted	70 and over Total	70 and over Added	70 and over Deleted	Under 30 Republicans Total	Under 30 Republicans Added	Under 30 Republicans Deleted	Under 30 Democrats Total	Under 30 Democrats Added	Under 30 Democrats Deleted
Alachua	181376	1745	1237	85750	862	582	214	543	51281	554	386	145	436	39846	305	251	658	80	4499	24	18	64	22	168	105	671	7	2	5937	85	39	30164	242	202	11562	258	160	123773	1036	753	9269	117	81	79402	679	513	96143	939	671	18239	152	120	24891	199	165	934	10	6	5025	155	85	2496	67	45	53499	1217	700	33494	180	225	23161	111	69	25400	105	80	24647	74	76	20444	56	87	13022	364	210	23644	654	328
Baker	14901	158	60	6226	33	19	87	15	7140	96	34	10	116	1342	29	5	40	5	193	0	2	3	4	84	4	74	6	0	69	0	0	1321	12	7	135	4	0	13025	129	51	277	7	2	6923	86	25	7907	66	34	799	6	5	1213	10	7	39	1	0	32	1	0	61	2	0	2573	81	17	2445	33	12	2622	15	7	2897	17	6	2395	9	10	1881	3	8	1369	53	9	729	16	7
Bay	127687	1242	451	35921	272	145	320	207	63763	596	232	74	821	25012	356	70	652	82	2991	18	4	80	16	278	37	711	13	1	1867	24	3	11615	106	45	2863	61	17	106797	952	372	3834	86	13	59412	582	201	66509	589	244	6625	45	20	9001	72	35	673	7	3	824	21	5	1022	15	7	22976	489	96	20911	227	71	20427	183	58	24418	166	59	20468	106	70	18286	67	96	9829	227	43	5580	116	37
Bradford	16262	174	71	6781	39	30	92	16	7096	97	31	3	125	2111	34	8	50	7	274	4	2	3	0	86	2	48	0	0	82	0	0	2165	18	8	166	6	0	13503	143	62	298	7	1	7540	85	32	8597	85	38	1243	9	5	1878	15	7	101	0	0	69	4	0	49	1	0	2792	54	21	2470	32	7	2382	30	4	2926	36	9	2832	14	12	2827	7	17	1328	32	9	818	12	8
Brevard	427735	3366	1145	138598	968	423	856	968	178093	1239	458	287	2151	95703	1042	222	2056	231	15341	117	42	280	129	691	162	1632	12	8	6668	70	12	35908	323	106	22892	337	69	348466	2463	907	12169	161	43	199419	1608	565	223854	1653	562	20274	174	66	28071	229	84	1663	15	6	9093	141	33	6038	82	19	67468	1341	247	54660	515	120	57942	414	97	85510	461	156	75613	380	150	84120	247	371	21231	435	84	20192	421	98
Broward	1247432	9166	4807	628246	4209	2494	1392	3103	272690	1721	1138	518	2666	326072	3042	1101	4217	548	20424	194	74	281	91	993	361	3933	28	9	30533	269	83	287546	2090	908	236672	2624	995	609670	3249	2552	79078	906	260	557183	3933	2085	654248	4462	2584	165944	1145	566	231706	1529	752	8871	61	29	101025	1126	450	50591	484	247	213326	4384	1159	200921	1409	836	212065	1135	566	243103	1019	683	184857	717	537	189812	491	1011	31313	630	196	103242	2101	627
Calhoun	8660	58	41	5463	19	27	16	15	2285	32	10	12	18	819	6	3	7	1	93	1	1	0	1	14	12	85	0	2	34	0	0	794	4	4	93	3	0	7514	47	35	140	4	0	4012	24	12	4539	33	29	461	4	3	736	4	3	17	0	0	44	0	0	26	1	0	1610	25	11	1221	8	6	1221	10	3	1458	7	7	1330	7	2	1356	1	11	439	14	2	872	8	9
Charlotte	133468	1084	582	38721	258	174	256	248	57352	494	248	67	687	31752	294	136	612	91	5643	38	24	112	21	196	34	488	3	2	1174	10	3	5419	45	21	4148	57	18	118864	940	526	3375	29	12	61995	513	267	69896	542	310	3023	23	13	4062	30	18	265	2	1	1724	23	7	1038	14	4	14389	251	82	10265	99	42	13080	132	42	22260	209	78	31447	245	95	41330	147	240	4175	82	30	3971	69	22
Citrus	109012	969	473	32904	243	149	359	212	48535	442	213	62	827	23947	260	94	635	95	3626	24	17	103	25	287	34	378	4	2	1187	10	6	2540	34	11	2875	47	12	99645	825	434	2387	49	8	50853	451	219	57229	460	249	1357	16	7	1965	21	9	159	5	1	1226	21	6	827	15	4	13024	264	66	9635	112	50	11358	121	39	17935	153	65	23877	180	59	32631	139	192	4619	107	23	3358	76	21
Clay	149488	1515	1364	33725	394	444	386	374	79980	685	566	91	1237	31690	407	318	1124	87	4093	29	36	121	24	344	47	682	5	10	3642	34	25	14771	215	250	7739	132	87	118376	1042	949	4278	87	43	70342	681	591	77274	758	758	8022	115	159	10476	155	198	1027	12	12	2286	43	30	2571	31	30	28864	607	381	23615	322	322	26297	225	231	28288	158	186	22891	130	107	18624	66	135	12921	264	145	5836	150	118
Collier	221136	2082	668	53250	507	164	315	385	109278	873	343	150	926	53252	646	151	932	159	5356	56	10	94	21	231	70	346	2	1	1812	27	5	8539	102	22	23164	385	88	182154	1484	535	5121	82	17	102874	977	332	116591	1063	332	4441	57	14	6177	59	19	459	9	2	8779	157	27	6099	84	31	28863	656	128	21067	266	84	24984	213	44	35901	314	97	44538	362	90	64964	271	222	9660	236	54	7449	174	46
Columbia	39846	395	236	15801	109	85	158	58	17005	180	118	17	283	6075	98	23	173	20	965	8	10	18	5	145	7	189	1	2	322	3	1	5700	56	35	1055	28	8	31970	294	186	610	13	4	18384	181	109	21278	208	125	3327	28	21	4957	46	31	191	1	0	339	7	2	371	6	6	7056	152	54	5659	73	38	5696	55	28	7210	41	35	7278	41	32	6877	31	49	2920	64	26	2272	42	17
Miami-Dade	1413641	10878	4450	602835	4357	2134	1576	2587	385519	2650	1294	719	3036	404743	3680	958	4069	818	20544	191	64	240	163	1040	431	2538	12	18	16197	119	40	261163	1267	973	785997	7015	2269	271740	1659	961	76006	806	189	617437	4489	1890	754707	5519	2442	148949	698	584	216232	922	817	7586	43	30	243216	2510	769	279643	1922	917	268227	3946	987	232207	1827	679	227458	1627	458	243079	1428	503	195900	1191	511	244512	851	1303	41488	778	155	120567	1754	568
Desoto	16233	148	79	7519	51	42	39	38	5159	44	25	20	77	3305	52	10	57	6	250	1	2	5	0	37	17	47	0	0	86	1	3	1679	13	9	1522	35	1	12646	96	65	253	3	1	7364	64	33	8816	83	46	1000	7	6	1440	7	8	44	0	1	692	19	0	194	2	1	2623	57	9	2054	10	16	1983	18	12	2714	23	8	2947	22	9	3897	18	25	631	16	3	1035	18	6
Dixie	10025	68	64	5142	24	27	54	8	3365	38	25	7	78	1276	5	10	19	4	242	1	2	11	1	53	3	47	1	0	30	2	0	447	7	1	102	0	1	9256	50	62	143	8	0	4726	31	31	5173	28	33	263	2	1	405	7	1	16	0	0	34	0	1	36	0	0	1279	15	13	1288	12	11	1263	6	9	1953	14	12	2096	14	8	2136	6	11	419	7	6	544	8	5
Duval	617454	5015	1932	255804	1967	758	842	1361	224634	1706	800	306	1849	118233	1199	333	2132	245	18783	143	41	251	76	703	192	2371	31	9	18314	139	36	173545	1300	429	27827	424	118	371608	2849	1261	23789	272	79	275203	2190	878	330706	2634	1012	101813	731	231	142556	1006	355	6238	59	14	10351	182	53	7373	100	30	127155	2205	577	113710	1037	347	101472	642	260	112325	580	237	89562	340	207	70414	206	299	37074	685	193	48949	912	251
Escambia	219682	1886	785	76240	556	246	408	588	97129	852	383	135	1112	40549	428	141	1143	85	5764	50	15	130	31	358	86	1513	16	8	4950	37	15	43144	308	125	4432	59	24	158196	1374	583	7447	92	30	101610	848	377	115895	938	401	25321	154	72	35112	215	104	1841	21	2	1360	18	6	1585	22	11	43869	885	228	36363	336	138	32631	224	88	38722	214	89	34736	139	73	32490	86	166	16727	380	110	13362	273	67
Flagler	82485	730	452	26892	210	167	205	313	31431	291	178	52	650	22119	218	97	699	40	2043	11	10	56	9	180	35	255	1	2	1297	10	8	7759	87	48	4571	66	22	65141	527	354	3462	39	18	38114	355	212	43514	338	234	4291	44	31	5984	63	39	322	4	4	2008	32	13	1040	17	3	11071	216	89	9318	103	59	10417	85	48	13474	137	63	17313	125	68	20386	63	124	2825	59	29	3228	67	33
Franklin	7781	68	40	4527	18	15	50	14	2275	36	20	6	66	828	13	4	28	5	151	1	1	3	2	47	2	22	0	0	18	0	0	559	4	4	50	1	1	7100	62	35	32	1	0	3686	37	24	4092	31	16	321	3	3	520	3	3	13	1	0	28	0	0	13	0	1	925	19	2	836	6	5	929	3	5	1450	18	10	1835	16	8	1797	6	10	246	6	0	477	8	1
Gadsden	30164	267	163	22944	185	114	39	62	4517	39	29	15	54	2371	41	17	65	10	332	2	3	9	2	34	9	89	0	1	88	1	0	17087	151	84	715	26	3	11390	82	70	795	7	5	12668	105	71	17024	148	90	10232	86	45	16056	135	76	252	1	1	428	11	2	101	6	1	5317	145	46	4618	44	41	4513	31	22	5591	19	19	5425	21	14	4665	7	21	619	13	5	3948	110	36
Gilchrist	11438	110	59	3762	21	15	41	13	5902	66	31	5	72	1454	20	7	38	1	320	3	6	2	0	41	4	37	1	1	44	0	0	260	3	1	178	3	3	10789	100	53	130	3	1	5423	50	30	5970	59	29	150	1	0	218	3	1	16	0	0	59	1	1	72	0	2	1878	35	11	1515	28	14	1700	17	9	2229	22	7	2107	5	7	1952	3	11	985	20	5	398	7	3
Glades	7173	58	54	3506	18	20	15	8	2360	26	22	2	23	1119	14	9	14	4	188	0	3	4	0	14	1	202	2	0	22	0	1	447	4	2	569	11	5	5849	36	46	84	5	0	3488	33	25	3670	25	29	262	2	0	408	4	1	10	0	0	285	5	1	123	4	2	858	11	10	820	8	16	870	9	6	1168	10	7	1398	12	7	2054	8	8	234	2	4	347	4	3
Gulf	10095	83	43	4638	20	23	78	14	4239	49	13	8	110	1039	13	6	32	3	179	1	1	10	1	78	6	42	0	0	32	0	1	976	4	2	82	2	1	8852	74	39	111	3	0	4762	46	18	5270	36	25	534	4	1	878	4	2	37	0	0	34	0	0	31	1	0	1572	24	9	1153	7	8	1385	20	6	1911	13	4	2064	10	5	1990	9	11	634	14	5	580	5	2
Hamilton	8223	82	39	4970	28	21	36	16	2249	39	14	1	48	839	13	3	25	2	165	2	1	6	2	33	1	13	1	1	36	0	1	2412	21	14	168	4	3	5536	55	20	58	1	0	3811	47	19	4386	34	20	1387	9	8	2168	16	13	86	2	1	68	2	2	50	1	0	1389	41	10	1191	12	11	1288	6	4	1490	14	7	1506	5	4	1348	4	3	430	17	3	722	15	4
Hardee	12910	67	72	5545	17	27	59	22	5252	30	31	5	91	1848	19	13	48	6	265	1	1	9	2	52	5	33	0	0	122	4	0	851	6	4	2448	16	18	9110	37	47	346	4	3	5750	24	31	6994	37	41	480	1	2	706	4	4	47	1	0	1214	8	8	600	1	5	2214	31	24	2143	9	16	1972	7	8	2067	7	7	2030	9	7	2462	4	10	870	11	12	727	7	8
Hendry	19021	188	105	9020	83	51	64	60	6490	70	32	21	116	3155	30	22	92	7	356	5	0	6	0	60	18	253	6	1	116	1	0	2696	18	20	4844	77	27	10609	80	52	503	6	5	8599	73	34	10247	113	69	1579	11	13	2378	16	17	85	0	1	2204	41	16	1360	21	4	3935	97	28	3055	26	17	2878	16	10	3297	24	13	2938	21	18	2892	4	19	1151	35	7	1584	47	11
Hernando	135823	972	1512	46015	278	531	324	195	54152	411	564	77	615	30617	251	371	429	74	5039	32	46	73	19	289	42	523	4	3	1110	8	16	5756	43	75	10388	112	143	114299	762	1236	3747	43	39	61996	434	641	72047	493	851	3179	17	39	4557	34	59	285	4	4	5124	57	66	2295	29	26	19483	292	330	15107	125	248	17893	135	237	23113	144	229	25349	176	176	34061	98	291	5847	87	105	5906	99	95
Highlands	67159	533	321	23116	171	114	151	169	29426	196	136	32	415	12647	160	65	381	27	1970	6	6	52	5	130	25	258	6	1	675	7	2	5506	39	21	7127	95	49	52256	372	241	1337	14	7	30444	252	162	36273	258	157	3184	20	8	4465	28	17	264	0	0	3119	40	21	1696	19	8	8859	157	57	6990	65	42	7076	38	21	10003	84	28	12667	99	31	21452	90	142	2949	53	18	2906	51	20
Hillsborough	858949	8031	3310	337705	3012	1366	1363	2843	272910	2233	1110	496	3085	223478	2620	733	4239	466	24856	166	101	381	85	1044	347	2714	22	13	21824	218	55	133859	1321	481	138632	1754	464	521234	4140	2158	40686	576	139	386617	3563	1443	450327	4025	1792	76404	725	273	103770	933	384	5048	54	18	60081	773	213	26320	298	105	176345	3505	952	153106	1581	601	148601	1065	403	152465	920	434	119894	581	346	106350	373	567	41157	849	273	65610	1352	413
Holmes	11666	143	51	4984	38	13	216	11	5325	88	26	6	256	1223	16	10	42	5	134	1	2	8	0	214	4	77	2	0	41	1	1	235	5	3	72	2	2	11118	130	45	123	3	0	5414	69	24	6195	72	27	124	3	1	169	3	1	25	2	1	33	0	1	26	1	0	1923	41	18	1587	23	5	1788	16	8	2143	19	6	1996	20	4	2129	23	10	1001	29	12	499	5	3
Indian River	108084	913	428	30017	262	144	195	287	49821	366	190	78	671	24792	247	86	695	74	3454	38	8	90	26	154	35	290	3	2	863	9	3	7067	76	37	4794	62	19	91953	726	353	3117	37	14	48621	426	189	57680	472	227	4146	36	18	5557	59	30	357	6	1	1833	25	11	1094	15	5	14504	246	77	10902	103	44	12028	87	38	17945	157	42	22036	182	56	30368	137	171	4603	83	27	4165	89	28
Jackson	30287	202	136	16659	70	58	142	43	10289	101	57	20	178	2976	30	20	63	11	363	1	1	9	2	135	17	155	2	0	95	0	1	6836	32	20	338	6	2	22179	156	107	684	6	6	13628	97	52	16169	96	81	3921	16	16	6139	26	16	219	2	2	121	4	2	127	0	0	5504	85	38	4256	32	27	4449	26	17	5252	20	18	5229	26	10	5454	13	26	2147	44	13	2314	25	14
Jefferson	9630	64	62	5928	24	31	17	4	2682	23	19	4	26	837	16	9	12	5	183	1	3	3	1	14	1	18	0	0	26	1	0	3074	20	19	79	0	2	6333	41	40	100	2	1	4347	27	28	5253	36	34	1806	13	14	2929	16	18	28	0	0	34	0	0	31	0	1	1386	22	15	1269	10	15	1309	7	13	1868	13	2	1984	6	4	1708	4	12	327	4	6	803	10	6
Lafayette	4458	30	15	2751	14	8	28	56	1407	14	6	56	26	247	1	1	4	5	53	1	0	0	1	24	54	3	0	0	6	0	0	248	3	2	111	4	0	4072	23	13	18	0	0	2147	10	4	2307	20	11	152	3	1	225	3	2	14	0	0	52	4	0	40	0	0	717	15	3	672	3	1	750	5	1	784	1	4	743	6	3	762	0	3	309	7	2	330	7	1
Lake	229709	1902	1058	73563	596	381	354	277	99577	780	443	132	666	48263	495	205	534	153	8306	31	29	98	22	272	75	641	9	5	2979	28	15	18749	160	82	18550	263	110	182262	1356	824	6528	86	22	105487	835	485	124206	1052	573	10845	99	58	14811	117	66	1054	6	3	8211	118	51	3908	56	28	31210	543	201	27718	303	164	31939	243	130	38277	287	141	42088	309	125	57005	211	294	10377	194	66	9738	197	81
Lee	465798	3696	1859	130584	994	611	633	1012	195541	1332	801	218	2363	126493	1307	400	2612	268	13180	63	47	223	43	463	125	1252	12	4	4616	46	17	26506	252	119	42815	591	216	376613	2600	1450	13996	195	53	214238	1603	910	243597	1922	916	15009	135	74	19316	155	92	1335	10	6	17261	259	85	8838	110	70	64556	1242	387	54950	470	249	58786	447	160	78108	571	243	94219	589	248	113928	376	566	18169	349	121	18283	398	145
Leon	208510	2607	1666	110972	1437	891	370	735	58451	667	480	156	627	34246	460	268	878	100	4841	43	27	85	27	312	102	665	8	6	3495	49	31	58292	902	569	7800	244	140	128782	1240	823	9476	164	97	90828	1035	669	111750	1393	952	34562	545	372	49632	767	492	1381	16	13	3561	140	67	1905	58	41	65857	1833	1062	37725	283	232	27604	175	88	29107	153	108	27046	96	83	20278	55	90	14675	431	286	34217	1087	590
Levy	27381	276	142	10090	67	58	144	52	12116	151	57	14	253	3785	47	17	115	10	1390	11	10	45	3	136	12	72	3	0	128	2	0	2236	17	16	878	14	4	23524	236	120	543	4	2	12687	125	53	14603	148	89	1279	8	14	1913	17	14	120	0	1	361	4	4	246	5	0	4282	95	28	3253	45	27	3528	24	13	5185	45	25	5513	38	16	5564	29	33	1812	50	13	1243	23	12
Liberty	4638	32	34	3513	17	24	13	8	750	11	7	3	18	345	4	3	12	2	30	0	0	0	0	11	3	47	1	1	13	0	0	418	4	1	44	0	0	4084	27	32	32	0	0	2169	8	14	2459	24	19	217	3	0	383	2	1	11	0	0	25	0	0	13	0	0	945	15	12	751	8	4	724	3	3	858	3	3	692	0	3	650	3	9	187	4	2	620	11	8
Madison	12275	101	60	7810	37	37	56	14	3146	49	18	8	74	1072	14	4	30	5	247	1	1	1	2	52	5	35	1	1	32	1	0	4257	27	23	140	1	0	7425	68	33	386	3	3	5423	55	31	6591	40	28	2489	9	11	3941	23	21	93	2	0	56	0	0	38	0	0	2043	46	18	1806	16	13	1843	15	6	2157	16	6	2236	5	6	2157	3	11	495	25	5	1175	17	11
Manatee	239278	2214	974	75037	674	334	371	515	102041	893	413	151	1068	55776	607	204	1110	141	6424	40	23	105	13	298	88	724	11	2	3235	34	19	15895	182	73	13532	227	45	199790	1642	805	6102	118	30	107901	968	441	128135	1122	519	9397	102	46	12778	147	58	673	5	0	5640	102	26	2829	47	7	30378	739	174	28782	306	135	32468	275	115	42940	366	124	47621	321	123	56236	202	302	9674	238	55	9472	271	71
Monroe	60506	689	341	19458	205	98	155	303	22249	260	142	67	509	17094	207	93	589	57	1705	17	8	65	7	130	42	259	3	1	492	7	2	2123	22	16	5864	119	47	50334	504	269	1434	34	6	31040	379	180	28753	282	153	1039	8	5	1501	15	10	104	0	1	1943	61	14	2081	29	21	7208	182	55	7916	125	46	8934	115	30	12803	126	75	13042	95	63	10103	43	70	1768	55	23	2100	61	15
Marion	244556	2123	1032	85193	680	381	717	496	105441	913	457	164	1471	43774	507	154	1036	159	10148	23	40	224	15	618	112	916	9	1	2386	28	10	24416	206	84	17935	267	76	193459	1512	840	5444	101	21	110460	926	502	132444	1080	526	14399	108	49	20457	149	70	1096	10	4	8727	142	39	4244	67	23	34119	735	190	27289	265	86	29665	239	94	38955	307	119	46772	353	145	67092	223	396	11676	269	83	11984	258	71
Martin	115707	878	626	29707	226	181	198	181	56913	398	327	62	521	23256	215	95	437	65	5831	39	23	85	15	160	30	288	3	1	859	12	3	4122	31	31	4944	79	30	103387	725	550	2107	28	11	53793	423	281	60931	434	337	2357	16	20	3050	15	25	390	8	5	1818	30	13	1390	22	9	15413	301	126	11477	127	76	13840	97	72	21539	145	81	22259	118	79	30549	88	189	5529	121	51	3983	87	47
Nassau	61301	517	257	14778	98	57	201	94	33841	276	154	36	456	10599	133	36	308	24	2083	10	10	41	12	187	21	213	3	1	396	7	2	3346	26	10	964	15	9	54815	446	222	1567	20	13	28894	252	116	31489	233	134	1858	10	6	2764	19	8	159	3	0	265	6	2	377	7	6	10120	198	62	8621	97	49	9369	87	34	11337	72	39	11564	43	34	9929	19	38	5209	111	36	1759	31	13
Okaloosa	150406	1415	636	30478	304	142	284	319	85124	752	346	111	959	31916	324	136	910	84	2888	35	12	79	22	237	68	799	11	4	3763	30	12	12264	115	52	5315	89	29	123527	1079	523	4738	91	16	71980	670	303	76644	674	329	6302	45	30	8401	74	34	1162	12	3	1449	28	8	2031	43	14	29271	586	158	28423	316	126	23268	159	87	27370	184	93	21425	118	67	20040	52	103	13825	283	72	5346	143	39
Okeechobee	20693	198	119	8453	62	44	70	41	8049	79	50	16	115	3511	49	20	73	10	680	8	5	11	4	64	10	90	2	0	135	2	1	1029	12	6	1949	35	7	16926	140	102	564	7	3	9290	90	53	10972	91	65	606	7	2	866	10	5	45	0	0	879	17	3	414	7	2	3413	83	22	2684	25	17	2849	28	9	3585	24	16	3588	22	23	4285	16	32	1078	25	12	972	27	4
Orange	807770	9385	4167	340180	4247	1867	927	2317	222504	2163	1213	473	1753	226629	2803	1001	3117	554	18457	172	86	219	112	548	284	2397	23	12	27194	299	79	142702	1629	699	186721	2937	1008	395913	3766	2117	52843	731	252	363290	4047	1820	415984	4689	2207	80821	912	406	111566	1202	554	5118	53	22	86927	1481	496	27869	372	174	183175	4689	1421	157635	1698	853	141872	1126	547	138478	967	495	101092	541	367	81588	348	473	36140	953	358	76153	2230	660
Osceola	204752	2769	1017	86442	1338	441	453	1506	49585	490	279	214	1037	64311	915	279	1986	182	4414	26	18	94	22	314	165	611	8	4	3916	54	11	17647	243	99	91178	1540	449	81395	753	402	10005	171	52	93881	1209	494	106085	1409	502	9495	124	56	13138	169	70	732	5	7	44179	831	227	11442	158	70	42677	1093	282	35193	519	196	37181	400	144	36160	342	155	28520	248	108	23946	161	125	7157	142	58	16717	534	129
Palm Beach	946650	6249	3012	403483	2441	1421	1377	1895	267395	1859	860	495	2649	241519	1781	635	3009	614	34253	168	96	435	158	977	278	2318	14	11	15964	137	34	127851	835	345	97637	1122	301	657710	3685	2187	45170	456	134	420948	2697	1393	501969	3064	1545	72375	447	205	100784	617	281	4453	28	11	42112	505	150	19335	221	56	139352	2291	639	127907	976	338	137802	751	250	166030	808	389	152633	771	360	221108	646	1032	28014	574	161	58118	1001	308
Pasco	347696	3405	1456	113577	1042	528	536	423	133009	1264	569	178	1017	84383	1015	296	807	208	16727	84	63	176	49	406	93	1315	14	7	5435	51	15	15443	221	87	28148	433	127	287150	2530	1172	10205	156	48	160310	1543	683	182722	1749	751	8110	126	50	11217	163	66	834	13	7	12068	203	60	6243	91	26	52737	1217	266	49155	593	220	55815	489	163	61903	477	174	58479	386	180	67473	233	443	15374	368	82	15538	412	92
Pinellas	688191	4989	2577	248107	1664	1032	882	1752	241410	1585	956	434	2453	172307	1575	510	3039	415	26367	165	79	393	128	651	243	2275	15	8	15083	130	40	59799	451	251	31043	445	109	557763	3700	2078	22228	248	91	311102	2253	1218	365360	2485	1314	34902	232	129	47498	320	199	2189	17	17	13394	196	52	6328	91	18	107260	1854	538	93529	820	326	98463	628	249	132064	762	338	123565	532	320	131164	384	803	27415	459	152	37376	723	248
Polk	408169	4069	1518	151499	1396	647	676	570	146416	1269	516	152	1181	98003	1329	319	1087	244	12251	75	36	129	49	509	76	1321	19	2	4741	57	15	52869	483	229	50159	1004	220	282472	2298	990	16607	208	62	181114	1820	679	216614	2043	804	30481	262	131	42498	327	186	1979	22	10	21269	489	106	8293	137	36	70574	1606	318	59265	661	222	59464	483	181	67247	526	188	67792	479	180	81125	306	420	19231	438	83	22551	587	139
Putnam	47714	427	251	21133	149	108	292	141	17313	178	108	31	485	8255	89	31	322	44	1013	11	4	29	4	260	20	243	4	1	199	3	0	6922	63	38	1791	31	5	37544	310	201	1015	16	6	21762	185	136	25233	219	112	4130	41	19	5959	49	35	225	5	2	849	14	1	351	11	2	7660	166	49	5754	60	41	6166	45	20	9030	71	30	9479	54	33	9406	31	78	2354	59	19	2870	69	25
Santa Rosa	135858	1250	686	28443	242	154	352	203	78341	690	397	86	972	24589	292	110	708	77	4485	26	25	119	13	318	44	790	6	2	2022	27	7	5751	77	36	2898	48	11	121175	1043	610	3222	49	20	65677	586	307	69263	611	373	2844	36	18	4088	47	31	496	7	1	723	16	4	1247	14	6	24750	564	168	24818	252	140	24052	168	89	25593	146	107	19505	79	66	16656	40	114	13070	305	100	4270	105	35
Sarasota	308870	2398	1443	95460	780	490	512	1056	132004	935	634	274	1754	71573	632	279	2066	236	9833	51	40	238	44	391	158	1014	15	8	3049	43	12	10447	94	84	10585	162	54	273896	1943	1236	9879	141	49	139005	1065	661	162905	1177	749	5914	46	58	8081	71	64	563	3	5	4517	97	24	2359	25	18	35097	753	262	30563	293	146	34981	280	132	50548	368	174	63747	405	193	92517	292	531	10609	225	90	10852	302	98
Seminole	293175	3428	1519	98642	1340	623	361	523	113406	1155	565	186	736	73416	891	304	845	173	7711	42	27	74	34	261	108	1001	14	5	7536	114	20	29239	375	210	38714	790	281	199893	1879	915	16792	256	88	129432	1433	651	154456	1787	819	16999	210	140	22585	301	174	1348	17	9	16713	385	140	7781	143	60	52919	1370	422	50091	699	353	50605	458	206	56332	423	227	44580	292	153	37508	179	146	15228	419	123	18096	563	189
St. Johns	180609	1595	650	43128	376	201	329	361	94293	820	330	138	1024	37480	361	105	933	120	5708	38	14	132	27	285	58	501	5	2	3023	33	17	8182	79	48	5826	87	24	159116	1337	546	3961	54	13	85048	763	268	93696	795	371	4395	41	34	6260	50	44	494	6	0	1823	31	10	2009	28	8	29628	635	191	26856	253	86	31271	224	73	33534	211	85	30886	171	84	26977	99	127	13676	317	96	6232	162	61
St. Lucie	199191	1689	911	81458	650	372	446	625	62771	571	293	133	958	48100	431	212	1031	142	6862	37	34	148	33	345	88	632	9	5	2431	13	5	33333	307	153	19538	235	106	136136	1055	621	7121	70	21	91071	761	419	106389	881	484	18980	180	89	26937	229	112	1112	12	11	9077	118	53	3666	37	18	31884	528	217	25518	227	112	27579	235	95	35249	264	140	35573	255	121	42477	176	223	6197	112	47	12991	230	91
Sumter	91531	700	349	23952	171	99	142	120	48110	368	182	40	405	16426	139	61	340	43	3043	22	7	52	6	118	21	348	5	1	572	3	3	3280	33	12	1681	25	6	84660	620	323	990	14	4	42025	331	160	49052	360	187	1915	17	7	2751	29	11	152	1	0	595	10	3	551	8	1	5167	109	37	3893	45	14	4715	57	26	8489	116	40	27726	217	67	41338	156	163	2037	42	13	1452	35	9
Suwannee	26519	225	122	11617	56	52	156	26	10785	132	47	10	241	3044	33	16	94	12	1073	4	7	21	2	151	4	96	1	1	92	1	1	2542	13	16	599	11	3	22687	196	99	503	3	2	12142	91	52	14143	118	70	1485	7	6	2252	10	15	125	1	0	250	5	2	185	6	0	4079	91	22	3480	25	19	3661	22	18	4872	39	16	4940	20	16	5441	26	30	1655	50	10	1436	25	7
Taylor	12837	94	72	7405	33	45	45	15	4144	38	17	5	70	1023	21	8	28	1	265	2	2	8	0	44	5	64	1	1	130	2	3	1732	10	12	139	0	0	10640	77	55	132	4	1	5934	45	29	6840	43	43	1038	4	7	1588	8	11	41	1	1	65	0	0	48	0	0	2042	35	13	1782	15	10	1802	13	2	2331	10	9	2407	14	12	2271	7	24	681	8	4	948	15	7
Union	7225	48	36	3719	12	14	74	8	2772	29	17	5	94	601	5	5	21	3	133	2	0	5	0	73	3	36	0	0	18	0	1	759	7	1	97	1	1	6268	39	33	47	1	0	3376	20	17	3822	26	19	438	5	1	691	4	1	27	3	0	43	0	0	38	1	1	1363	19	8	1250	8	12	1216	7	5	1389	8	3	1120	4	2	869	2	5	645	11	3	497	3	3
Volusia	369061	3087	1240	133372	1001	560	739	875	126756	1010	379	164	1815	96515	968	276	1866	234	12418	108	25	217	62	560	89	1219	8	6	3504	32	12	33451	361	201	28178	420	111	289566	2116	850	13143	150	60	167239	1371	582	194277	1550	633	19335	211	116	26420	269	169	1129	11	5	12616	162	51	4746	65	27	58467	1166	349	46430	459	186	48607	362	128	66433	424	131	68926	400	157	77855	269	284	13299	277	74	20604	442	182
Wakulla	20058	161	123	9158	45	65	119	21	7529	74	50	9	155	2778	37	6	53	12	593	5	2	9	2	114	3	93	1	2	84	2	0	1825	13	18	224	2	5	17614	138	96	218	5	2	9290	74	48	10610	86	73	1034	9	11	1633	11	18	55	0	0	82	1	0	86	0	4	3204	67	26	3100	26	23	3370	18	21	3930	27	15	3521	15	21	2730	7	14	1236	30	10	1059	21	14
Walton	45940	604	220	10336	105	53	127	88	26158	365	127	29	401	8541	130	37	336	21	905	4	3	23	5	115	15	233	0	1	360	8	3	1535	17	9	726	24	3	42224	546	198	862	9	6	21578	280	106	24045	313	112	856	9	4	1124	10	8	198	1	0	208	9	1	272	10	2	6276	170	42	6645	108	41	7068	75	20	9062	130	40	9002	84	42	7817	37	35	3111	94	17	1039	36	14
Washington	15648	130	101	6086	30	35	112	19	7415	73	61	11	143	1907	22	5	52	12	240	5	0	4	5	102	7	136	1	2	59	0	0	1717	17	6	136	3	0	13323	107	92	277	2	1	7234	64	40	8335	66	60	964	8	4	1470	13	4	93	2	0	48	1	0	55	1	0	2987	44	15	2081	26	20	2327	19	12	2860	25	19	2635	11	9	2608	4	23	1412	26	11	854	7	4
Florida	13367606	115840	55581	5098738	41852	22707	22616	31447	4676386	38006	20077	7712	51390	3218846	33443	11437	55866	7734	373636	2539	1360	6104	1727	17733	4665	43381	430	207	237260	2345	750	1812767	15263	7629	2025158	24980	8168	8697096	65748	36617	551944	7074	2210	6039842	51077	24968	7051154	58319	29471	1040123	8382	4544	1456358	11285	6245	66218	603	284	780598	10892	3523	526257	5131	2263	2317586	46676	14275	1986863	18832	8756	2008722	14501	6093	2366104	15010	7058	2188121	12376	6322	2449121	8262	12908	588514	12771	4160	867509	18825	6338
